acc = 0.8025
eval_loss = 0.570228321030736
f1 = 0.8025
mcc = 0.7643768843770432
