acc = 0.71
eval_loss = 0.8349138277769089
f1 = 0.7100000000000001
mcc = 0.6526212512678301
