acc = 0.68875
eval_loss = 0.8440695315599441
f1 = 0.68875
mcc = 0.6337638711096082
